date,order_id,base_pay,bonus,deductions,final_payout,distance_km
2025-01-01,2001,50,0,0,50,3.2
2025-01-01,2002,45,0,0,45,6.8   # low-severity
2025-01-02,2003,48,0,0,48,4.8
2025-01-02,2004,52,0,0,52,7.1
2025-01-03,2005,46,0,0,46,7.5   # underpayment (HIGH)
2025-01-03,2006,47,0,0,47,1.9

# 10‑order no‑bonus day for "Missing Bonus" (MEDIUM)
2025-01-04,2101,40,0,0,40,2.0
2025-01-04,2102,41,0,0,41,3.4
2025-01-04,2103,42,0,0,42,6.2   # low-severity
2025-01-04,2104,43,0,0,43,7.5   # low-severity
2025-01-04,2105,44,0,0,44,8.0   # low-severity
2025-01-04,2106,45,0,0,45,2.1
2025-01-04,2107,46,0,0,46,4.5
2025-01-04,2108,47,0,0,47,5.1
2025-01-04,2109,48,0,0,48,3.3
2025-01-04,2110,49,0,0,49,4.7

2025-01-05,2007,55,0,0,55,8.1
2025-01-06,2008,60,0,0,60,6.1
2025-01-07,2009,50,0,0,50,10.0
2025-01-08,2010,45,0,0,45,3.3
2025-01-09,2011,48,0,0,48,4.9
2025-01-10,2012,47,0,0,47,2.2
2025-01-11,2013,52,0,0,52,7.3
2025-01-12,2014,49,0,0,49,5.6
2025-01-13,2015,45,0,0,45,1.9
2025-01-14,2016,50,0,0,50,4.4
2025-01-15,2017,47,0,0,47,8.5
